# x		y		z	 configuration saved for N: 125
7.957275E-01	7.626081E-01	8.008862E-01	-1.986135E-01	-3.111420E-01	9.293779E-01	-1
6.238694E-01	5.323647E-01	5.584941E-02	-8.715456E-01	1.927088E-02	4.899356E-01	-1
6.437181E-01	6.355552E-01	7.589843E-01	-1.012848E-01	-7.538291E-01	-6.492173E-01	-1
6.416302E-01	2.861108E-01	6.582785E-01	-9.419869E-02	5.138023E-01	8.527214E-01	123
1.022109E-01	9.862290E-01	9.320277E-01	-7.602130E-01	6.224864E-01	-1.859756E-01	-1
3.951861E-01	3.425286E-01	2.072601E-01	-6.652553E-01	-3.137578E-01	-6.774891E-01	111
9.480808E-01	1.666520E-01	6.161068E-01	6.916278E-01	-5.287753E-01	4.919834E-01	-1
6.691404E-01	8.446789E-01	8.888951E-01	-8.388091E-03	-7.880192E-01	6.155935E-01	-1
5.912164E-02	8.205045E-01	9.688868E-01	7.881002E-01	6.060705E-01	-1.075944E-01	-1
7.811109E-01	6.318988E-01	9.390056E-01	-9.284834E-01	3.519462E-01	-1.185427E-01	-1
4.291658E-01	1.473407E-01	5.964843E-01	8.576717E-01	-1.372283E-01	4.955478E-01	-1
6.743221E-02	6.363014E-01	8.189731E-01	5.317209E-01	-7.367148E-01	-4.177610E-01	-1
3.294778E-01	9.381213E-01	6.045946E-01	-2.777771E-01	-1.841970E-01	-9.428209E-01	94
8.281334E-01	6.215174E-01	4.907172E-01	-2.366606E-01	5.610076E-01	-7.932605E-01	-1
2.334770E-01	3.214414E-01	5.645649E-01	4.800840E-01	-7.015068E-01	5.266949E-01	15
1.175713E-01	1.773557E-01	6.188779E-01	-7.255316E-01	5.387243E-01	-4.282291E-01	-1
9.666446E-01	1.163235E-01	1.993488E-01	-1.527942E-01	2.838155E-01	-9.466270E-01	56
7.232274E-01	1.387655E-01	9.933164E-01	-9.554722E-01	-2.944596E-01	1.914058E-02	114
7.778653E-01	9.356552E-01	2.570988E-01	5.249400E-01	8.503683E-01	-3.621783E-02	108
8.944489E-01	2.806587E-01	9.835886E-02	7.189230E-01	-2.775042E-01	-6.372921E-01	24
9.010393E-01	3.158918E-01	9.008115E-01	6.593295E-01	-1.788060E-01	7.302829E-01	-1
6.434498E-01	6.186328E-01	5.718052E-01	-9.879533E-01	-3.606088E-02	1.504921E-01	-1
3.551942E-01	6.594901E-01	9.509326E-01	8.637724E-01	4.148873E-01	2.859471E-01	80
3.233347E-02	8.039840E-01	7.932793E-01	6.031454E-01	-5.461007E-02	-7.957596E-01	-1
4.991619E-02	2.455201E-01	9.594046E-01	-7.426373E-01	-2.345441E-01	6.272790E-01	-1
1.518995E-01	2.801722E-01	7.965070E-01	3.756159E-01	7.650319E-01	-5.231050E-01	88
2.694014E-01	8.989005E-01	2.757853E-01	4.899674E-01	2.181608E-01	8.440011E-01	94
2.934109E-01	1.724739E-01	4.772976E-01	8.317197E-01	-5.551123E-01	-9.625767E-03	75
3.985747E-01	6.904835E-01	1.540990E-01	-8.543402E-01	3.199935E-01	4.095204E-01	102
5.667110E-01	4.591632E-01	5.945427E-01	-4.440531E-01	4.217244E-01	7.905475E-01	46
5.211212E-01	3.204641E-01	4.171004E-01	2.866538E-03	-1.932371E-01	9.811479E-01	-1
6.990333E-01	2.127523E-01	4.894951E-01	-7.056503E-01	-2.135962E-01	-6.755993E-01	10
9.181077E-01	4.558806E-01	1.098007E-02	-9.612739E-01	6.414639E-02	2.680257E-01	9
3.100247E-01	2.784219E-01	8.725253E-01	2.640390E-01	-4.579328E-01	-8.488704E-01	66
3.077902E-01	9.376219E-01	4.937918E-02	9.647386E-01	2.211037E-01	-1.428023E-01	48
2.929767E-01	6.605691E-01	3.535218E-01	8.621520E-01	-3.710731E-01	-3.449620E-01	-1
4.928814E-01	2.227856E-01	8.002110E-01	-5.069862E-01	-8.525717E-01	-1.268324E-01	-1
4.328217E-01	3.579737E-01	6.375029E-01	-1.290171E-01	-9.511085E-01	2.806193E-01	-1
7.510343E-02	6.776649E-01	1.951678E-01	6.356908E-01	-6.071823E-01	-4.766832E-01	109
7.980821E-01	6.077118E-01	6.681310E-01	3.871661E-02	-2.446875E-01	9.688287E-01	-1
6.402939E-01	3.227419E-02	2.131291E-01	6.077990E-02	9.772133E-01	-2.033714E-01	50
8.816795E-02	4.816780E-01	5.954894E-01	-3.018374E-01	-6.766856E-01	6.715584E-01	53
8.809318E-01	5.408873E-01	3.107871E-01	-2.647901E-01	5.120096E-01	8.171489E-01	13
3.943337E-01	1.387727E-01	9.262147E-01	5.635058E-01	4.202302E-01	7.112439E-01	50
4.407017E-02	6.560208E-01	4.836792E-01	-8.234096E-01	3.523490E-01	4.447998E-01	39
2.912587E-02	9.530370E-01	1.560407E-01	6.579350E-02	-9.659198E-01	-2.503401E-01	8
4.015275E-01	8.146968E-01	5.025141E-01	1.028697E-01	8.463622E-01	-5.225791E-01	-1
5.708201E-02	4.662955E-01	8.275456E-01	8.431799E-01	3.048390E-01	4.428554E-01	92
5.006542E-01	7.832467E-01	9.980791E-01	-3.089418E-01	-7.664580E-01	5.631137E-01	-1
9.455224E-01	6.949226E-01	9.421693E-01	5.080654E-01	-6.334028E-01	5.836699E-01	-1
5.156849E-01	1.920348E-01	7.674757E-02	9.702273E-01	-1.006159E-01	-2.203077E-01	-1
2.553133E-01	7.161293E-01	7.048016E-01	9.430076E-01	-2.900089E-01	-1.631914E-01	-1
8.112134E-01	3.985081E-01	5.998254E-01	1.743704E-01	9.711237E-01	-1.628303E-01	39
7.205881E-03	3.458479E-01	6.981151E-01	-2.212597E-01	9.658693E-01	1.346875E-01	-1
7.070429E-01	7.746649E-01	6.258941E-01	3.801672E-01	8.884953E-01	2.569999E-01	-1
6.592402E-01	2.897132E-02	4.458998E-01	4.817156E-01	8.135345E-01	3.257481E-01	-1
9.214233E-01	9.179488E-02	1.691491E-02	1.598485E-01	-3.446384E-03	9.871355E-01	-1
6.243316E-01	1.930131E-01	3.184649E-01	1.055255E-01	9.773603E-01	1.833881E-01	-1
9.848761E-01	1.923323E-01	7.809301E-01	3.851206E-01	9.202299E-01	-6.970667E-02	53
4.830753E-01	6.854419E-01	8.250414E-01	-5.533548E-01	7.769810E-01	-3.001649E-01	-1
4.512358E-01	9.659699E-01	7.945865E-01	1.220247E-01	3.964599E-01	9.099063E-01	-1
4.451418E-01	5.197211E-02	2.296556E-01	-9.172698E-01	1.579625E-01	-3.656010E-01	94
8.642095E-01	3.572643E-01	4.202715E-01	-6.092511E-01	-5.338172E-01	-5.863892E-01	-1
2.800853E-01	5.066626E-01	8.488328E-02	4.733243E-01	6.696483E-01	-5.723069E-01	-1
7.315953E-01	9.790449E-01	7.494487E-02	3.802965E-02	4.826913E-01	-8.749645E-01	-1
8.983642E-01	6.411339E-01	1.704638E-01	-1.631970E-01	-5.180564E-01	-8.396334E-01	9
3.621624E-01	4.645166E-01	4.993198E-01	2.679996E-01	-7.201535E-01	6.399649E-01	-1
2.166243E-02	9.421785E-01	4.081536E-01	6.402191E-01	-4.243466E-01	6.403511E-01	-1
6.132732E-01	6.878580E-01	4.099784E-01	5.913585E-03	-1.775373E-02	-9.998249E-01	77
8.198268E-01	7.998874E-01	4.944383E-02	7.943281E-01	5.477571E-01	2.626881E-01	56
2.914967E-01	4.893356E-01	3.238081E-01	-7.767445E-01	5.915540E-01	-2.161754E-01	102
7.632221E-01	5.385442E-01	1.617531E-01	2.324443E-01	-7.763068E-02	-9.695066E-01	9
7.559757E-02	3.354545E-01	1.450739E-01	7.257513E-01	1.873760E-01	-6.619481E-01	-1
2.365011E-01	3.376202E-01	3.847092E-01	-2.282725E-01	3.226432E-02	9.730625E-01	-1
4.707857E-01	3.297074E-01	9.628300E-01	2.186638E-01	-4.561642E-01	8.626125E-01	50
5.152030E-01	9.874255E-01	6.196486E-01	-3.126298E-01	7.720723E-01	5.533236E-01	-1
5.930880E-01	3.366331E-01	1.519171E-01	-4.506876E-01	-4.948993E-01	7.429370E-01	57
6.507957E-01	6.887706E-01	1.401324E-01	-8.453956E-01	1.530100E-01	-5.117561E-01	-1
3.221037E-01	8.436039E-01	8.725187E-01	4.048540E-01	-8.553303E-01	-3.232696E-01	59
3.503476E-02	4.911676E-01	3.705892E-01	-5.153740E-01	-7.776477E-01	-3.600745E-01	87
5.216091E-01	9.024756E-01	1.231960E-01	2.455917E-01	-5.453620E-01	8.014144E-01	-1
8.627713E-01	9.077196E-01	7.264790E-01	-2.285407E-01	9.134232E-01	3.367896E-01	113
5.935993E-01	9.830280E-02	7.392141E-01	-1.670513E-01	7.968290E-01	5.806526E-01	36
4.574608E-01	1.227746E-01	3.991992E-01	7.355870E-02	-3.125995E-01	-9.470325E-01	-1
9.516759E-02	9.694122E-01	5.673488E-01	3.727592E-01	-2.228630E-03	-9.279254E-01	94
7.439123E-01	2.990693E-01	2.373210E-01	-7.943403E-01	2.542261E-01	-5.517178E-01	110
8.245264E-01	2.882432E-01	7.450494E-01	2.346394E-01	-8.666799E-01	-4.402389E-01	-1
9.332121E-01	3.415571E-01	2.534147E-01	-7.989618E-01	2.692816E-01	-5.377244E-01	-1
8.416744E-01	5.321276E-01	8.141485E-01	8.470735E-01	-1.535345E-01	-5.088159E-01	-1
1.906449E-01	1.528670E-01	9.351787E-01	7.691817E-01	4.854634E-01	-4.155536E-01	-1
6.005577E-01	8.764341E-01	2.764014E-01	2.577577E-03	-9.164449E-01	-4.001526E-01	77
9.920417E-01	7.715200E-01	3.643091E-01	-9.098623E-01	-4.061123E-01	8.499110E-02	-1
2.279028E-01	5.243553E-01	8.897761E-01	6.165311E-01	6.925143E-01	-3.745842E-01	-1
5.172697E-01	5.248606E-01	8.741395E-01	1.342145E-01	-1.891401E-01	-9.727345E-01	-1
2.220581E-01	8.211314E-01	4.711208E-01	-5.026309E-01	-8.643113E-01	-1.811360E-02	-1
5.203120E-01	7.610784E-01	6.182581E-01	3.996395E-01	-5.338072E-01	7.452102E-01	-1
2.836500E-01	6.395975E-01	5.253947E-01	2.082154E-01	9.780284E-01	-1.033881E-02	107
4.621230E-01	5.910763E-01	5.650194E-01	-1.493235E-01	-8.906153E-01	-4.295426E-01	-1
2.411891E-01	4.634709E-01	7.289220E-01	4.203303E-01	8.148783E-01	-3.991187E-01	100
8.085630E-01	4.260564E-02	5.525779E-01	-8.214419E-01	2.951723E-01	4.879617E-01	-1
3.842157E-01	5.631098E-01	7.170512E-01	4.688292E-01	-8.174615E-01	3.345981E-01	-1
3.009087E-01	1.694679E-01	7.278748E-01	-4.327776E-01	-8.702101E-01	2.354526E-01	118
2.360929E-01	7.415654E-01	7.470088E-02	7.361691E-01	-6.764848E-01	-2.057774E-02	-1
9.975210E-01	2.157779E-02	7.018704E-01	3.198098E-01	-8.973597E-01	3.040843E-01	4
8.875586E-01	1.386316E-01	3.860415E-01	-4.054574E-01	4.467014E-01	-7.975351E-01	-1
9.699860E-01	8.540022E-01	5.729672E-01	4.624436E-01	-7.409071E-01	4.870345E-01	106
8.893865E-02	7.041184E-01	6.564373E-01	-9.452704E-01	-1.992198E-01	-2.584091E-01	-1
4.486953E-01	9.213784E-01	3.488185E-01	-5.097667E-01	-8.601576E-01	1.633558E-02	-1
7.851625E-01	1.224583E-01	1.525810E-01	4.548048E-02	2.229921E-01	9.737587E-01	-1
8.998722E-02	5.219308E-01	1.166390E-01	-4.867170E-01	-8.063832E-01	3.359355E-01	-1
4.574885E-01	5.170746E-01	2.155822E-01	-8.349870E-01	3.823225E-01	-3.957602E-01	-1
2.685785E-01	2.047087E-01	8.530042E-02	-6.714456E-01	3.879016E-01	6.314215E-01	-1
6.549343E-01	4.609984E-01	7.813365E-01	-9.709721E-01	1.580232E-01	-1.795600E-01	93
7.906643E-01	9.275056E-02	8.149975E-01	-1.430425E-01	-9.821028E-01	-1.225272E-01	-1
5.654549E-01	5.571267E-02	9.199429E-01	-3.920099E-01	9.194927E-01	-2.935194E-02	-1
6.662480E-01	4.054127E-01	3.860381E-01	4.589628E-01	-3.852081E-01	-8.006047E-01	-1
2.786641E-01	1.389170E-01	3.010973E-01	-8.767945E-01	-2.019330E-02	-4.804411E-01	111
1.794586E-02	2.740397E-01	4.336010E-01	9.451315E-01	4.330350E-02	-3.238074E-01	73
2.063622E-01	2.265436E-02	6.923077E-01	-6.641137E-01	7.335538E-01	1.444018E-01	-1
1.243017E-01	1.069134E-01	9.929870E-02	-7.895948E-01	5.967950E-01	1.427440E-01	-1
6.678234E-01	9.504274E-01	6.895362E-01	8.956151E-01	3.660094E-01	2.528057E-01	113
8.408400E-01	8.389852E-01	4.366989E-01	4.846898E-01	-2.021933E-01	8.509957E-01	39
1.517800E-01	3.586160E-02	2.545199E-01	-4.217135E-01	-6.624500E-01	-6.191265E-01	64
6.352711E-01	2.780793E-01	8.761283E-01	-5.640563E-01	6.928323E-01	4.492481E-01	-1
9.000000E-01	9.000000E-01	9.000000E-01	1.000000E+00	0.000000E+00	0.000000E+00	108